0	1.6904062657134958e-292
1	1.9507550415472816e-286
2	1.9390003790449347e-280
3	1.6600323894837488e-274
4	1.2241051961159495e-268
5	7.774714194208087e-263
6	4.2531787584258e-257
7	2.004039841672875e-251
8	8.133221093189885e-246
9	2.8430357257188465e-240
10	8.559838438042825e-235
11	2.2197922466012726e-229
12	4.958183598650139e-224
13	9.538858148749604e-219
14	1.5806426216624038e-213
15	2.2559761196014666e-208
16	2.773312567685806e-203
17	2.9364773350680553e-198
18	2.6780457895359173e-193
19	2.1036469519870152e-188
20	1.4232828761628598e-183
21	8.294173293271502e-179
22	4.163115860139247e-174
23	1.7998130725642204e-169
24	6.70192893000854e-165
25	2.1494915694510688e-160
26	5.937931536668878e-156
27	1.4128567721068858e-151
28	2.8955068794750785e-147
29	5.111102333968235e-143
30	7.770841728039052e-139
31	1.0176186613343649e-134
32	1.147798289957974e-130
33	1.1150891652353341e-126
34	9.330762396730207e-123
35	6.724936327802819e-119
36	4.174675612582918e-115
37	2.2321367862223426e-111
38	1.0279746063501691e-107
39	4.0776268489559107e-104
40	1.3931442461666328e-100
41	4.099663419994872e-97
42	1.0391155212841427e-93
43	2.268521882222061e-90
44	4.265653999576205e-87
45	6.9086277090643405e-84
46	9.637435101165844e-81
47	1.1579629252863115e-77
48	1.1983711766022072e-74
49	1.0681975231663405e-71
50	8.201160104034629e-69
51	5.423286225391204e-66
52	3.0889670321413514e-63
53	1.5154008704493698e-60
54	6.40332143820346e-58
55	2.33048647157334e-55
56	7.305524151924604e-53
57	1.9725121515927887e-50
58	4.587240454814354e-48
59	9.188546887393163e-46
60	1.5852788946710445e-43
61	2.355743663117038e-41
62	3.015184536649451e-39
63	3.324017293833579e-37
64	3.1562846549077724e-35
65	2.5813837094626122e-33
66	1.818412792241942e-31
67	1.1033058036445095e-29
68	5.765843352987683e-28
69	2.5953341879147554e-26
70	1.0062067998056663e-24
71	3.360042107755043e-23
72	9.664195433498746e-22
73	2.394143621337459e-20
74	5.108556572108165e-19
75	9.388792188395325e-18
76	1.4862256684418341e-16
77	2.0263912463556302e-15
78	2.3797172327589216e-14
79	2.4070822049654796e-13
80	2.097104155170818e-12
81	1.573666106383957e-11
82	1.0171118010512169e-10
83	5.6622404405307e-10
84	2.71500999699135e-09
85	1.1212903141953049e-08
86	3.988671041839886e-08
87	1.222086316665329e-07
88	3.225069325489133e-07
89	7.33060366291507e-07
90	1.4351719456534546e-06
91	2.42009071211221e-06
92	3.514980057422362e-06
93	4.397213955342897e-06
94	4.73800856746737e-06
95	4.397213955342897e-06
96	3.514980057422387e-06
97	2.4200907121133018e-06
98	1.4351719456739517e-06
99	7.330603666211973e-07
100	3.2250693712615703e-07
101	1.222086865394228e-07
102	3.988740831360217e-08
103	1.1219019728688595e-08
104	2.7612321565031888e-09
105	8.67469523617575e-10
106	1.7953753965258104e-09
107	8.232677546066356e-09
108	3.441667955227176e-08
109	1.244923024606203e-07
110	3.892090466518519e-07
111	1.052493414451827e-06
112	2.4643989439665833e-06
113	5.003417750087323e-06
114	8.82485247235489e-06
115	1.3556855434541374e-05
116	1.820502218797611e-05
117	2.147977907093742e-05
118	2.2433036290282723e-05
119	2.0966798039297824e-05
120	1.7835649085575593e-05
121	1.4181338939239726e-05
122	1.0975107352230818e-05
123	8.707819965494891e-06
124	7.405765998387617e-06
125	6.846179721771319e-06
126	6.791904488812794e-06
127	7.118478954843931e-06
128	7.822346115146759e-06
129	8.98943485441731e-06
130	1.0774051561837305e-05
131	1.3338774511058198e-05
132	1.670101289996429e-05
133	2.0561905556276055e-05
134	2.429651490937491e-05
135	2.7201461065822856e-05
136	2.8879727485182272e-05
137	2.9506341392011498e-05
138	2.979691946651371e-05
139	3.070294866769971e-05
140	3.299673253424101e-05
141	3.691983844934421e-05
142	4.202171684795049e-05
143	4.7267980180429376e-05
144	5.141110306300922e-05
145	5.3473937144112896e-05
146	5.311877229799429e-05
147	5.077618661658791e-05
148	4.7553855810560016e-05
149	4.4938777973620186e-05
150	4.426314826180127e-05
151	4.607859367942384e-05
152	4.9832774542434374e-05
153	5.415172769885097e-05
154	5.758324365761419e-05
155	5.930766877122803e-05
156	5.9406238382725635e-05
157	5.86469453784218e-05
158	5.804037923000964e-05
159	5.8433581877521604e-05
160	6.025342589596836e-05
161	6.340730116308031e-05
162	6.735371111624131e-05
163	7.133450181715309e-05
164	7.468845120457732e-05
165	7.714663633244142e-05
166	7.901524854904245e-05
167	8.107391585015413e-05
168	8.405348205449414e-05
169	8.793879902335042e-05
170	9.17200350848979e-05
171	9.39820669637138e-05
172	9.396723895939707e-05
173	9.225986585741643e-05
174	9.051805166534082e-05
175	9.043457999188531e-05
176	9.270058571422734e-05
177	9.672134220651995e-05
178	0.00010123779591794788
179	0.00010535933910092447
180	0.00010930851635332145
181	0.00011443158686192898
182	0.00012243211361564387
183	0.00013416861282338074
184	0.00014868538583098624
185	0.00016320642684346603
186	0.00017434471673814856
187	0.00017990838795820205
188	0.00018012690664698157
189	0.00017748517079484177
190	0.00017536273665570115
191	0.00017637286872489679
192	0.0001811917879490173
193	0.0001882076032464329
194	0.0001940926243830512
195	0.00019526496531896195
196	0.00018971996696636202
197	0.00017819391067417614
198	0.0001638856038554985
199	0.00015100490533972034
200	0.00014314866335959596
201	0.00014221810118024132
202	0.00014791049507491532
203	0.00015771172895987832
204	0.0001676748139156677
205	0.00017417265929323803
206	0.00017592542827054095
207	0.00017484711647690397
208	0.0001748140008468054
209	0.00017916559741508776
210	0.00018890499924862397
211	0.00020283211702921419
212	0.00021900626733459497
213	0.00023600388073857982
214	0.00025314046628337916
215	0.00026995728179961726
216	0.0002856129692159814
217	0.00029853947213463804
218	0.00030653838549552984
219	0.0003074581216213148
220	0.0003003222281668133
221	0.0002863531302391808
222	0.0002691721517508966
223	0.00025381779063907806
224	0.0002449230631742487
225	0.0002449881403516236
226	0.0002536846284119283
227	0.00026844680322151863
228	0.0002857794188207407
229	0.00030243459755765274
230	0.00031605484016546955
231	0.0003254482985295562
232	0.0003307200728637721
233	0.0003331434803633703
234	0.00033459459468598076
235	0.00033684107373722834
236	0.0003412461931131992
237	0.0003488825075833723
238	0.00036036334371479224
239	0.0003751064859859874
240	0.0003908934774359302
241	0.0004047170027625539
242	0.0004144799898061338
243	0.0004199442238996902
244	0.00042207540606326065
245	0.0004217259468060771
246	0.0004192044040149334
247	0.0004150664589078266
248	0.0004109660075929566
249	0.00040931460760883844
250	0.0004118012277037357
251	0.0004180805232033653
252	0.00042594904914513773
253	0.00043299513674388654
254	0.00043828275957855616
255	0.00044258331867947997
256	0.00044717300255653326
257	0.00045264463498905633
258	0.00045886330572663184
259	0.00046569653878884723
260	0.00047340595437413125
261	0.0004823077645069807
262	0.0004922840588239153
263	0.0005027536804615337
264	0.0005130670904740519
265	0.0005228376014447346
266	0.0005318466161818277
267	0.0005396622266391815
268	0.0005455193185299217
269	0.0005488306871288973
270	0.0005500200060662303
271	0.0005509464791197965
272	0.0005544969537922324
273	0.0005635036800669661
274	0.0005794612591194404
275	0.0006016011853165873
276	0.0006269078540401888
277	0.0006513356325109444
278	0.0006717307948213804
279	0.0006874294139740323
280	0.0007007463069787579
281	0.0007161723280952209
282	0.0007385258274314293
283	0.0007707759415062636
284	0.0008127977897786283
285	0.0008620020454822967
286	0.0009153191117220839
287	0.0009708939608546337
288	0.0010284044484613248
289	0.0010883406171346137
290	0.0011511459393781338
291	0.0012165611497101003
292	0.001283063274722769
293	0.0013477957460833047
294	0.0014078776056122384
295	0.0014630045990372087
296	0.0015172362035297592
297	0.001577372144632364
298	0.0016482190757031972
299	0.0017288439804476177
300	0.0018139676443560597
301	0.0018996799968448521
302	0.0019876649468586333
303	0.002083271423174901
304	0.0021895200154498575
305	0.0023038784078282747
306	0.002421490312601953
307	0.0025410068371364003
308	0.0026662672720891237
309	0.002802162459409834
310	0.002949525869043062
311	0.0031041874580132254
312	0.0032602162680025006
313	0.003413582333202341
314	0.0035636420228852017
315	0.0037126318385914633
316	0.0038642220628572954
317	0.004021505264310592
318	0.004184964458774938
319	0.004352131414956068
320	0.004519920536567768
321	0.004687843635802872
322	0.004858432660261932
323	0.005033590892707394
324	0.005210482023193067
325	0.005382317022447747
326	0.005545026804957438
327	0.005703803843321406
328	0.0058719898053147266
329	0.00606174230667333
330	0.006274734763850529
331	0.006502073380810666
332	0.006733468059534586
333	0.00696646242341002
334	0.007206939804620333
335	0.007461879738919692
336	0.007732575433207308
337	0.00801406699323829
338	0.008299016146618755
339	0.00858118149077266
340	0.008856523323812357
341	0.009122639792483357
342	0.009377212670579841
343	0.009616007267639691
344	0.00983218066972356
345	0.010018321624997146
346	0.010169897132836813
347	0.010287158415441807
348	0.010373738027349996
349	0.01043286249042853
350	0.010463682796585796
351	0.010460149814239103
352	0.010413661839771346
353	0.010318432771888991
354	0.010176077548327616
355	0.009995885708862388
356	0.00979039274818586
357	0.009569696408078542
358	0.009339255530407414
359	0.009102970145131912
360	0.008869019339727537
361	0.008653381939262078
362	0.008477122276763211
363	0.00835777113926165
364	0.008299856104342512
365	0.008291971004035219
366	0.008314102332411144
367	0.008350725811618954
368	0.008399410883660483
369	0.00846832853641355
370	0.008565939829315217
371	0.008692061825516162
372	0.008836610017216188
373	0.008985462392009105
374	0.009128700894954182
375	0.009266102743074775
376	0.009406809357750805
377	0.009562960689722554
378	0.00974020206432473
379	0.009929861084008543
380	0.010108157574543806
381	0.010245229894994665
382	0.010320176492382621
383	0.010332131737731714
384	0.010299045272354174
385	0.010245285104037286
386	0.01018750573891235
387	0.010128039880221897
388	0.010058212343711936
389	0.00996753399825485
390	0.009852507434802479
391	0.009720302497487359
392	0.009585865203979348
393	0.009464412050485505
394	0.009363585198504281
395	0.009279572213905098
396	0.009198871401525425
397	0.009103954993773379
398	0.008979571241716685
399	0.008817275248401457
400	0.008617287563578728
401	0.008387636689505326
402	0.008141402823755532
403	0.007893485815791608
404	0.007657751297905466
405	0.007444363689590156
406	0.007257152279609715
407	0.007092371982344346
408	0.0069404837152755895
409	0.006790387566574692
410	0.006633101559290371
411	0.0064627175119352015
412	0.006275647535228693
413	0.0060702701042412675
414	0.005847256185802067
415	0.005609307368913246
416	0.005360281996984796
417	0.005105029671499285
418	0.004849897718367917
419	0.004601962662624086
420	0.0043659694502742805
421	0.004141044904566404
422	0.003920290452772141
423	0.003694429902074367
424	0.0034574916701382943
425	0.0032107189058388982
426	0.002961890752170001
427	0.0027204561555622844
428	0.0024920162265149354
429	0.0022760500751352643
430	0.0020681312880565144
431	0.0018645255854657567
432	0.001665523669343663
433	0.001475313044950624
434	0.0012992079900493638
435	0.0011407877396373638
436	0.0010006948309529478
437	0.0008770247674977912
438	0.0007665393480152862
439	0.000666117573839645
440	0.0005737552751513258
441	0.0004884859824284906
442	0.0004095910100615437
443	0.000336359854914909
444	0.00026887052099841476
445	0.00020870201353832216
446	0.00015838140110758413
447	0.00011982854545140666
448	9.317595883667019e-05
449	7.687402297869793e-05
450	6.869492156272656e-05
451	6.653251649088907e-05
452	6.837737272705555e-05
453	7.187525647377632e-05
454	7.433055417354576e-05
455	7.34674578641579e-05
456	6.840154181933038e-05
457	6.000558952937483e-05
458	5.033493268462935e-05
459	4.148274821365195e-05
460	3.45948039990634e-05
461	2.9588781133247978e-05
462	2.5604943157592784e-05
463	2.1769080850186837e-05
464	1.7765750917551884e-05
465	1.3969925726719578e-05
466	1.1195481202369698e-05
467	1.0262728696944251e-05
468	1.1565664793523972e-05
469	1.4786654775213643e-05
470	1.89171682363389e-05
471	2.2664875891993648e-05
472	2.5080764047128504e-05
473	2.602116941661892e-05
474	2.613761665100968e-05
475	2.641678684074942e-05
476	2.756856962627718e-05
477	2.9609471220453568e-05
478	3.1874424064828595e-05
479	3.346807783309639e-05
480	3.387399948964055e-05
481	3.328473414467985e-05
482	3.2424626302345665e-05
483	3.2064207423589985e-05
484	3.262682649543764e-05
485	3.408846086129592e-05
486	3.607602135982485e-05
487	3.8006654024032104e-05
488	3.92325728461435e-05
489	3.9221966314563695e-05
490	3.774577955263866e-05
491	3.497979211388255e-05
492	3.1467491174827375e-05
493	2.796346946938189e-05
494	2.5190306286491613e-05
495	2.3545539053519316e-05
496	2.2890031902126024e-05
497	2.2631091030670595e-05
498	2.2146205322178738e-05
499	2.1235782511316733e-05
500	2.0176203671061815e-05
501	1.9311859122257004e-05
502	1.8615502068379795e-05
503	1.768997873191356e-05
504	1.6210727098010746e-05
505	1.4342322914358684e-05
506	1.269982265879207e-05
507	1.1887556806338534e-05
508	1.2033085813221066e-05
509	1.2696000044691507e-05
510	1.31793949097726e-05
511	1.2963573190050871e-05
512	1.1955884941503e-05
513	1.0454032238333988e-05
514	8.926284509814412e-06
515	7.77624366846854e-06
516	7.21090348374261e-06
517	7.248870462994381e-06
518	7.819568017471082e-06
519	8.845945226123402e-06
520	1.0231782676200191e-05
521	1.1785280195258119e-05
522	1.3193386043827687e-05
523	1.4114466312411493e-05
524	1.4321930835354265e-05
525	1.3774448685206496e-05
526	1.2588171597366362e-05
527	1.099826840059333e-05
528	9.351051013434775e-06
529	8.049010322122265e-06
530	7.394986387884801e-06
531	7.4356851047284026e-06
532	7.959529348299428e-06
533	8.673384391749301e-06
534	9.43260864465066e-06
535	1.0375285660258324e-05
536	1.1874099239957125e-05
537	1.4296337665975032e-05
538	1.766854149920451e-05
539	2.1455009071597674e-05
540	2.4652897235958006e-05
541	2.621879160348346e-05
542	2.5595556138284386e-05
543	2.3008449412815492e-05
544	1.934395964884333e-05
545	1.570789824715775e-05
546	1.2943559984862322e-05
547	1.1349032724264283e-05
548	1.0677617595252437e-05
549	1.038537722669364e-05
550	9.99461722794106e-06
551	9.3532366862781e-06
552	8.611015465589088e-06
553	7.962052570952109e-06
554	7.410383564543786e-06
555	6.7669971956231815e-06
556	5.8408623515398545e-06
557	4.6182586127441935e-06
558	3.280101610243355e-06
559	2.078929793053415e-06
560	1.20264989793488e-06
561	7.224036070215642e-07
562	6.233615959749611e-07
563	8.513673587612153e-07
564	1.3211376168280747e-06
565	1.8956116594332853e-06
566	2.3948486623240062e-06
567	2.6740442553275738e-06
568	2.732751601643443e-06
569	2.756811989416466e-06
570	3.0235957612429184e-06
571	3.7095173373713527e-06
572	4.739103972498057e-06
573	5.81748546111467e-06
574	6.662314353130543e-06
575	7.268034234089715e-06
576	7.9611869153802e-06
577	9.159293241190026e-06
578	1.1019312715068327e-05
579	1.3277374245552432e-05
580	1.5401525917472414e-05
581	1.688911948177679e-05
582	1.7451812892644524e-05
583	1.7018718668569525e-05
584	1.569914891078439e-05
585	1.3815868197512759e-05
586	1.1914875297694859e-05
587	1.0587619713422211e-05
588	1.01375201946158e-05
589	1.0353133650136752e-05
590	1.0620797339277534e-05
591	1.0326627992150222e-05
592	9.251178755286122e-06
593	7.68161634509535e-06
594	6.202689613887834e-06
595	5.348453282846606e-06
596	5.344907574342679e-06
597	6.063860221360376e-06
598	7.1496026123651016e-06
599	8.188656350216387e-06
600	8.82800220668315e-06
601	8.85024547810905e-06
602	8.245646633813154e-06
603	7.242136178818907e-06
604	6.207861307578818e-06
605	5.445673664283888e-06
606	5.041611105712951e-06
607	4.901119239165014e-06
608	4.909683693715331e-06
609	5.024787583685176e-06
610	5.209219357658756e-06
611	5.326054385100947e-06
612	5.170524616379343e-06
613	4.647176396098229e-06
614	3.921134970014027e-06
615	3.3871186113374126e-06
616	3.463984812929579e-06
617	4.344505712105394e-06
618	5.83621719879794e-06
619	7.386223198272316e-06
620	8.317068109104345e-06
621	8.175743677433005e-06
622	6.976564249944668e-06
623	5.159644834377659e-06
624	3.305782326908633e-06
625	1.834977792952836e-06
626	8.843930117790569e-07
627	3.787510477194544e-07
628	1.757043155485759e-07
629	1.790342020628153e-07
630	3.883917199868606e-07
631	8.959195098126729e-07
632	1.8307877021646674e-06
633	3.245640881099551e-06
634	4.982403167009217e-06
635	6.6229063804999625e-06
636	7.624045808617695e-06
637	7.60132718758659e-06
638	6.5640987569904124e-06
639	4.90947058482157e-06
640	3.1803034868996045e-06
641	1.7854475479749932e-06
642	8.741770969020866e-07
643	3.9316994814450175e-07
644	2.219550557475278e-07
645	2.781323583102112e-07
646	5.489012661059473e-07
647	1.055126356536116e-06
648	1.775305791332205e-06
649	2.5779504746230065e-06
650	3.225770454681461e-06
651	3.479971895531574e-06
652	3.2470512687722895e-06
653	2.657438073440834e-06
654	2.019231822936601e-06
655	1.697926271274351e-06
656	2.00587034253576e-06
657	3.115819297690104e-06
658	4.961710455781273e-06
659	7.1569772744847915e-06
660	9.060656252362351e-06
661	1.0064456435299491e-05
662	9.942980698181614e-06
663	8.966107272852104e-06
664	7.652177012001522e-06
665	6.38811661249532e-06
666	5.256527955642838e-06
667	4.162786724507022e-06
668	3.056413900091137e-06
669	2.015927359663863e-06
670	1.171016343197088e-06
671	5.940503345102187e-07
672	2.681084530421409e-07
673	1.2988088438717762e-07
674	1.2971666443134438e-07
675	2.670376990965026e-07
676	5.889417871659405e-07
677	1.1501291267354374e-06
678	1.9425079249639315e-06
679	2.834599113513417e-06
680	3.587024499487118e-06
681	3.973162130386335e-06
682	3.933174239226559e-06
683	3.625264412562011e-06
684	3.3075624083166572e-06
685	3.140544687254257e-06
686	3.0810083780584507e-06
687	2.954463734184034e-06
688	2.6307377474598896e-06
689	2.1500136535966606e-06
690	1.7136122230204071e-06
691	1.572931822517724e-06
692	1.8988648660020619e-06
693	2.683595723701576e-06
694	3.7014104473179026e-06
695	4.566393997879478e-06
696	4.902312094068342e-06
697	4.54542798990555e-06
698	3.633033147589789e-06
699	2.5035330759373737e-06
700	1.4942331039019376e-06
701	7.973850086818247e-07
702	4.554764228091287e-07
703	4.488570062094649e-07
704	7.746541175681843e-07
705	1.4485686189823736e-06
706	2.43037149120951e-06
707	3.542156295888577e-06
708	4.4787914781355126e-06
709	4.953029452139239e-06
710	4.885924731519062e-06
711	4.4717627185379165e-06
712	4.033486451903714e-06
713	3.7785056321013276e-06
714	3.6646244869242317e-06
715	3.4816700384348193e-06
716	3.0560376109480555e-06
717	2.3929246033584114e-06
718	1.6591752554520147e-06
719	1.0654110803849968e-06
720	7.687810320614288e-07
721	8.504394982381415e-07
722	1.3253955686101475e-06
723	2.124516397299831e-06
724	3.0562471330063475e-06
725	3.822898383158168e-06
726	4.142983721004455e-06
727	3.923055845063416e-06
728	3.3451793392523077e-06
729	2.787747489550339e-06
730	2.6291640866729098e-06
731	3.0606559760668416e-06
732	4.005001010452706e-06
733	5.163705199145986e-06
734	6.154179072383514e-06
735	6.662028453222865e-06
736	6.5370324261070945e-06
737	5.8110456034641566e-06
738	4.662940266540422e-06
739	3.354586012125763e-06
740	2.1456609360703205e-06
741	1.2102864687813188e-06
742	5.979110074909312e-07
743	2.5734692953813574e-07
744	9.613679340377359e-08
745	3.108941296855724e-08
746	8.688099138038357e-09
747	2.095670659340118e-09
748	4.3599249418393805e-10
749	7.819520881451023e-11
750	1.2086190953333886e-11
751	1.6096039449897803e-12
752	1.8468298855230562e-13
753	1.835203040868396e-14
754	2.9049538898679097e-15
755	1.597875008144761e-14
756	1.6047934536163562e-13
757	1.3980698284466258e-12
758	1.0491107394248384e-11
759	6.780745340415552e-11
760	3.774826960354057e-10
761	1.810006664660901e-09
762	7.47526876130201e-09
763	2.6591140278932593e-08
764	8.147242111102197e-08
765	2.150046216992753e-07
766	4.887069108610049e-07
767	9.567812971023037e-07
768	1.613393808074805e-06
769	2.3433200382815725e-06
770	2.931475970228595e-06
771	3.158672378311577e-06
772	2.931475970228595e-06
773	2.3433200382815725e-06
774	1.613393808074805e-06
775	9.567812971023037e-07
776	4.887069108610049e-07
777	2.150046216992753e-07
778	8.147242111102197e-08
779	2.6591140278932593e-08
780	7.47526876130201e-09
781	1.810006664660901e-09
782	3.774826960353802e-10
783	6.780745340341475e-11
784	1.0491107375893015e-11
785	1.398069436780541e-12
786	1.6047214699769821e-13
787	1.5864781551726097e-14
788	1.3509274975704259e-15
789	9.908171122945604e-17
790	6.259194792263577e-18
791	3.405704381405458e-19
792	1.5960957475583128e-20
793	6.442796955665768e-22
794	2.2400280718366725e-23
795	6.708045332037709e-25
796	1.7302227919520167e-26
797	3.8438956528259926e-28
798	7.356060393285825e-30
799	1.6971852727591396e-31
800	2.943869732191677e-30
801	1.5375584378823714e-28
802	6.920891167994289e-27
803	2.683218132815119e-25
804	8.960112287346746e-24
805	2.5771187822663225e-22
806	1.726870303408159e-20
807	3.405704381405458e-19
808	6.259194792263577e-18
809	9.908171122945604e-17
810	1.3509274975704259e-15
811	1.586478221118175e-14
812	1.6047214699769821e-13
813	1.398069437607904e-12
814	1.0491107377271555e-11
815	6.780745340341475e-11
816	3.774826960353802e-10
817	1.810006664660901e-09
818	7.475268761303444e-09
819	2.659114027893467e-08
820	8.147242111102226e-08
821	2.150046216992753e-07
822	4.887069108610049e-07
823	9.567812971023037e-07
824	1.613393808074805e-06
825	2.3433200382815725e-06
826	2.931475970228595e-06
827	3.158672378311577e-06
828	2.931475970228595e-06
829	2.3433200382815725e-06
830	1.613393808074805e-06
831	9.567812971023037e-07
832	4.887069108610049e-07
833	2.150046216992753e-07
834	8.147242111102226e-08
835	2.659114027893467e-08
836	7.475268761303444e-09
837	1.810006664660901e-09
838	3.774826960353802e-10
839	6.780745340341475e-11
840	1.0491107377271555e-11
841	1.3980694376079438e-12
842	1.6047214699863775e-13
843	1.5864782242542138e-14
844	1.3509283995619991e-15
845	9.910405656992152e-17
846	6.735993405660324e-18
847	9.103443147309594e-18
848	1.3873166442427219e-16
849	1.891298883166412e-15
850	2.22106941858568e-14
851	2.2466100579717955e-13
852	1.9572972114927696e-12
853	1.468755032625021e-11
854	9.493043476478057e-11
855	5.284757744495318e-10
856	2.5340093305252594e-09
857	1.0465376265822842e-08
858	3.72275963905056e-08
859	1.1406138955543067e-07
860	3.010064703789857e-07
861	6.841896752054063e-07
862	1.339493815943224e-06
863	2.258751331304729e-06
864	3.2806480535942043e-06
865	4.1040663583200365e-06
866	4.422141329636542e-06
867	4.1040663583262775e-06
868	3.2806480536932792e-06
869	2.258751332655646e-06
870	1.3394938318080027e-06
871	6.84189835677554e-07
872	3.0100786844842206e-07
873	1.1407188066280665e-07
874	3.729540384390902e-08
875	1.0842858961858212e-08
876	4.344015995186156e-09
877	8.003744535751558e-09
878	2.668607071369732e-08
879	8.148710866134815e-08
880	2.1500657899648682e-07
881	4.887071355220103e-07
882	9.567813193129973e-07
883	1.6133938099661027e-06
884	2.3433200384202903e-06
885	2.9314759702373586e-06
886	3.1586723783120595e-06
887	2.931475970228621e-06
888	2.3433200382815763e-06
889	1.613393808074805e-06
890	9.567812971023037e-07
891	4.887069108610049e-07
892	2.150046216992753e-07
893	8.147242111102197e-08
894	2.6591140278932593e-08
895	7.47526876130201e-09
896	1.810006664660901e-09
897	3.774826960353802e-10
898	6.780745340341475e-11
899	1.0491107375893015e-11
900	1.398069436780541e-12
901	1.6047214699769821e-13
902	1.5864781551726097e-14
903	1.3509274975704259e-15
904	9.908171122945604e-17
905	6.259194792263577e-18
906	3.405704381405458e-19
907	1.5960957475583128e-20
908	6.442796955665768e-22
909	2.2400280718366725e-23
910	6.708045332037709e-25
911	1.7302227919431528e-26
912	3.843895568658417e-28
913	7.355372024296656e-30
914	1.2122751948279494e-31
915	1.7209224729750575e-33
916	2.104189769938494e-35
917	2.216011529222364e-37
918	2.0101230244329474e-39
919	1.5704957754113427e-41
920	1.0568525964473524e-43
921	6.125697924928715e-46
922	3.0581603032095386e-48
923	1.315008101061846e-50
924	4.870349434616353e-53
925	1.5536576477155443e-55
926	4.268880958802204e-58
927	1.0102672469662507e-60
928	2.0593113547609684e-63
929	3.61552415026092e-66
930	5.467440069356597e-69
931	7.121316821109169e-72
932	7.989141177348309e-75
933	7.719752835242328e-78
934	6.424956734110773e-81
935	4.605751806043044e-84
936	2.843769333050896e-87
937	1.5123479214814234e-90
938	6.927436808561176e-94
939	2.733108946663337e-97
940	9.287628307777857e-101
941	2.718417899304029e-104
942	6.853164042334684e-108
943	1.4880911908149438e-111
944	2.7831170750552903e-115
945	4.483290885202153e-119
946	6.220508264487184e-123
947	7.433927768236014e-127
948	7.651988599720294e-131
949	6.784124408896181e-135
950	5.180561152026352e-139
951	3.4074015559790313e-143
952	1.93033791965017e-147
953	9.419045147379814e-152
954	3.958621024446161e-156
955	1.4329943796341334e-160
956	4.467952620005966e-165
957	1.1998753817095537e-169
958	2.775410573426334e-174
959	5.529448862181339e-179
960	9.488552507752977e-184
961	1.4024313013247625e-188
962	1.7853638596907209e-193
963	1.9576515567121564e-198
964	1.8488750451239836e-203
965	1.503984079734403e-208
966	1.0537617477750003e-213
967	6.359238765833457e-219
968	3.3054557324334397e-224
969	1.4798614977341878e-229
970	5.706558958695241e-235
971	1.895357150479239e-240
972	5.422147395459946e-246
973	1.3360265611152555e-251
974	2.835452505617212e-257
975	5.183142796138747e-263
976	8.160701307439697e-269
977	1.1066882596558371e-274
978	1.2926669193632953e-280
979	1.3005033610315264e-286
980	1.1269375104756687e-292
981	8.41107881351486e-299
982	5.407133371038063e-305
983	2.9939598583595e-311
984	1.427869e-317
985	5e-324
986	0.0
987	0.0
988	0.0
989	0.0
990	0.0
991	0.0
992	0.0
993	0.0
994	0.0
995	0.0
996	0.0
997	0.0
998	0.0
999	0.0
1000	0.0
1001	0.0
1002	0.0
1003	0.0
1004	0.0
1005	0.0
1006	0.0
1007	0.0
1008	0.0
1009	0.0
1010	0.0
1011	0.0
1012	0.0
1013	0.0
1014	0.0
1015	0.0
1016	0.0
1017	0.0
1018	0.0
1019	0.0
1020	0.0
1021	0.0
1022	0.0
1023	0.0
1024	0.0
1025	0.0
1026	0.0
1027	0.0
1028	0.0
1029	0.0
1030	0.0
1031	0.0
1032	0.0
1033	0.0
1034	0.0
1035	0.0
1036	0.0
1037	0.0
1038	0.0
1039	0.0
1040	0.0
1041	0.0
1042	0.0
1043	0.0
1044	0.0
1045	0.0
1046	0.0
1047	0.0
1048	0.0
1049	0.0
1050	0.0
1051	0.0
1052	0.0
1053	0.0
1054	0.0
1055	0.0
1056	0.0
1057	0.0
1058	0.0
1059	0.0
1060	0.0
1061	0.0
1062	0.0
1063	0.0
1064	0.0
1065	0.0
1066	0.0
1067	0.0
1068	0.0
1069	0.0
1070	0.0
1071	0.0
1072	0.0
1073	0.0
1074	0.0
1075	0.0
1076	0.0
1077	0.0
1078	0.0
1079	0.0
1080	0.0
1081	0.0
1082	0.0
1083	0.0
1084	0.0
1085	0.0
1086	0.0
1087	0.0
1088	0.0
1089	0.0
1090	0.0
1091	0.0
1092	0.0
1093	0.0
1094	0.0
1095	0.0
1096	0.0
1097	0.0
1098	0.0
